#
#
# Table of the atomic volume per atom of Tantalum
# through a range of temperatures and pressures
#
# Temperature  Pressure      Volume
# (degree K)    (MBar)    (cubic Bohrs)
#
 0.000000000    0           122.373 
 0.000000000    0.204082    113.08 
 0.000000000    0.408163    105.272 
 0.000000000    0.612245    98.7536 
 0.000000000    0.816327    93.3466 
 0.000000000    1.02041    88.8882 
 0.000000000    1.22449    85.2308 
 0.000000000    1.42857    82.2416 
 0.000000000    1.63265    79.8017 
 0.000000000    1.83673    77.8052 
 0.000000000    2.04082    76.1589 
 0.000000000    2.2449    74.7816 
 0.000000000    2.44898    73.603 
 0.000000000    2.65306    72.5636 
 0.000000000    2.85714    71.6137 
 0.000000000    3.06122    70.7126 
 0.000000000    3.26531    69.8284 
 0.000000000    3.46939    68.9369 
 0.000000000    3.67347    68.0209 
 0.000000000    3.87755    67.07 
 0.000000000    4.08163    66.0794 
 0.000000000    4.28571    65.0496 
 0.000000000    4.4898    63.9853 
 0.000000000    4.69388    62.8954 
 0.000000000    4.89796    61.7915 
 0.000000000    5.10204    60.688 
 0.000000000    5.30612    59.6009 
 0.000000000    5.5102    58.5473 
 0.000000000    5.71429    57.5448 
 0.000000000    5.91837    56.6107 
 0.000000000    6.12245    55.7614 
 0.000000000    6.32653    55.0118 
 0.000000000    6.53061    54.3743 
 0.000000000    6.73469    53.8587 
 0.000000000    6.93878    53.4708 
 0.000000000    7.14286    53.2125 
 0.000000000    7.34694    53.0806 
 0.000000000    7.55102    53.066 
 0.000000000    7.7551    53.1538 
 0.000000000    7.95918    53.3217 
 0.000000000    8.16327    53.54 
 0.000000000    8.36735    53.7705 
 0.000000000    8.57143    53.9662 
 0.000000000    8.77551    54.0702 
 0.000000000    8.97959    54.0154 
 0.000000000    9.18367    53.7238 
 0.000000000    9.38776    53.1054 
 0.000000000    9.59184    52.058 
 0.000000000    9.79592    50.4666 
 0.000000000    10    48.202 
  
 300.000000000    0    122.968 
 300.000000000    0.204082    113.62 
 300.000000000    0.408163    105.754 
 300.000000000    0.612245    99.1769 
 300.000000000    0.816327    93.7112 
 300.000000000    1.02041    89.1956 
 300.000000000    1.22449    85.4837 
 300.000000000    1.42857    82.4434 
 300.000000000    1.63265    79.9565 
 300.000000000    1.83673    77.9177 
 300.000000000    2.04082    76.2342 
 300.000000000    2.2449    74.8248 
 300.000000000    2.44898    73.6197 
 300.000000000    2.65306    72.559 
 300.000000000    2.85714    71.593 
 300.000000000    3.06122    70.6809 
 300.000000000    3.26531    69.7903 
 300.000000000    3.46939    68.8966 
 300.000000000    3.67347    67.9824 
 300.000000000    3.87755    67.0365 
 300.000000000    4.08163    66.0537 
 300.000000000    4.28571    65.0337 
 300.000000000    4.4898    63.981 
 300.000000000    4.69388    62.9035 
 300.000000000    4.89796    61.8125 
 300.000000000    5.10204    60.7216 
 300.000000000    5.30612    59.6463 
 300.000000000    5.5102    58.6032 
 300.000000000    5.71429    57.6094 
 300.000000000    5.91837    56.6818 
 300.000000000    6.12245    55.8364 
 300.000000000    6.32653    55.0879 
 300.000000000    6.53061    54.4486 
 300.000000000    6.73469    53.9281 
 300.000000000    6.93878    53.5325 
 300.000000000    7.14286    53.2636 
 300.000000000    7.34694    53.1186 
 300.000000000    7.55102    53.089 
 300.000000000    7.7551    53.1605 
 300.000000000    7.95918    53.3115 
 300.000000000    8.16327    53.5135 
 300.000000000    8.36735    53.7294 
 300.000000000    8.57143    53.9135 
 300.000000000    8.77551    54.0107 
 300.000000000    8.97959    53.9557 
 300.000000000    9.18367    53.6726 
 300.000000000    9.38776    53.0737 
 300.000000000    9.59184    52.0596 
 300.000000000    9.79592    50.5179 
 300.000000000    10    48.3229 
  
 600.000000000    0    123.625 
 600.000000000    0.204082    114.188 
 600.000000000    0.408163    106.243 
 600.000000000    0.612245    99.5941 
 600.000000000    0.816327    94.0651 
 600.000000000    1.02041    89.4939 
 600.000000000    1.22449    85.7336 
 600.000000000    1.42857    82.652 
 600.000000000    1.63265    80.1301 
 600.000000000    1.83673    78.0624 
 600.000000000    2.04082    76.3555 
 600.000000000    2.2449    74.9279 
 600.000000000    2.44898    73.7088 
 600.000000000    2.65306    72.6383 
 600.000000000    2.85714    71.6659 
 600.000000000    3.06122    70.7503 
 600.000000000    3.26531    69.8586 
 600.000000000    3.46939    68.9658 
 600.000000000    3.67347    68.0537 
 600.000000000    3.87755    67.111 
 600.000000000    4.08163    66.1319 
 600.000000000    4.28571    65.1157 
 600.000000000    4.4898    64.0664 
 600.000000000    4.69388    62.9917 
 600.000000000    4.89796    61.9026 
 600.000000000    5.10204    60.8123 
 600.000000000    5.30612    59.7362 
 600.000000000    5.5102    58.6907 
 600.000000000    5.71429    57.6929 
 600.000000000    5.91837    56.7595 
 600.000000000    6.12245    55.9068 
 600.000000000    6.32653    55.1493 
 600.000000000    6.53061    54.4997 
 600.000000000    6.73469    53.9678 
 600.000000000    6.93878    53.56 
 600.000000000    7.14286    53.2786 
 600.000000000    7.34694    53.1214 
 600.000000000    7.55102    53.0806 
 600.000000000    7.7551    53.1423 
 600.000000000    7.95918    53.2862 
 600.000000000    8.16327    53.4844 
 600.000000000    8.36735    53.7011 
 600.000000000    8.57143    53.8917 
 600.000000000    8.77551    54.0025 
 600.000000000    8.97959    53.9696 
 600.000000000    9.18367    53.7186 
 600.000000000    9.38776    53.1638 
 600.000000000    9.59184    52.2074 
 600.000000000    9.79592    50.7391 
 600.000000000    10    48.6355 
  
 900.000000000    0    124.293 
 900.000000000    0.204082    114.761 
 900.000000000    0.408163    106.731 
 900.000000000    0.612245    100.008 
 900.000000000    0.816327    94.4139 
 900.000000000    1.02041    89.7867 
 900.000000000    1.22449    85.9788 
 900.000000000    1.42857    82.8572 
 900.000000000    1.63265    80.3024 
 900.000000000    1.83673    78.2081 
 900.000000000    2.04082    76.4804 
 900.000000000    2.2449    75.0368 
 900.000000000    2.44898    73.8064 
 900.000000000    2.65306    72.7283 
 900.000000000    2.85714    71.7515 
 900.000000000    3.06122    70.8341 
 900.000000000    3.26531    69.9427 
 900.000000000    3.46939    69.0516 
 900.000000000    3.67347    68.1423 
 900.000000000    3.87755    67.2029 
 900.000000000    4.08163    66.2271 
 900.000000000    4.28571    65.214 
 900.000000000    4.4898    64.1671 
 900.000000000    4.69388    63.0938 
 900.000000000    4.89796    62.0048 
 900.000000000    5.10204    60.9132 
 900.000000000    5.30612    59.8342 
 900.000000000    5.5102    58.7842 
 900.000000000    5.71429    57.78 
 900.000000000    5.91837    56.8387 
 900.000000000    6.12245    55.9763 
 900.000000000    6.32653    55.2079 
 900.000000000    6.53061    54.5462 
 900.000000000    6.73469    54.0014 
 900.000000000    6.93878    53.5803 
 900.000000000    7.14286    53.2858 
 900.000000000    7.34694    53.1162 
 900.000000000    7.55102    53.0643 
 900.000000000    7.7551    53.1173 
 900.000000000    7.95918    53.2555 
 900.000000000    8.16327    53.452 
 900.000000000    8.36735    53.6722 
 900.000000000    8.57143    53.8727 
 900.000000000    8.77551    54.0011 
 900.000000000    8.97959    53.995 
 900.000000000    9.18367    53.7814 
 900.000000000    9.38776    53.2764 
 900.000000000    9.59184    52.384 
 900.000000000    9.79592    50.9959 
 900.000000000    10    48.9905 
  
 1200.000000000    0    124.973 
 1200.000000000    0.204082    115.336 
 1200.000000000    0.408163    107.214 
 1200.000000000    0.612245    100.412 
 1200.000000000    0.816327    94.7499 
 1200.000000000    1.02041    90.0651 
 1200.000000000    1.22449    86.2092 
 1200.000000000    1.42857    83.0482 
 1200.000000000    1.63265    80.4618 
 1200.000000000    1.83673    78.3427 
 1200.000000000    2.04082    76.5963 
 1200.000000000    2.2449    75.1393 
 1200.000000000    2.44898    73.8999 
 1200.000000000    2.65306    72.8166 
 1200.000000000    2.85714    71.8376 
 1200.000000000    3.06122    70.9204 
 1200.000000000    3.26531    70.031 
 1200.000000000    3.46939    69.1431 
 1200.000000000    3.67347    68.2377 
 1200.000000000    3.87755    67.3022 
 1200.000000000    4.08163    66.3302 
 1200.000000000    4.28571    65.3202 
 1200.000000000    4.4898    64.2754 
 1200.000000000    4.69388    63.2029 
 1200.000000000    4.89796    62.1132 
 1200.000000000    5.10204    61.0193 
 1200.000000000    5.30612    59.9362 
 1200.000000000    5.5102    58.8802 
 1200.000000000    5.71429    57.8684 
 1200.000000000    5.91837    56.9177 
 1200.000000000    6.12245    56.0445 
 1200.000000000    6.32653    55.2639 
 1200.000000000    6.53061    54.589 
 1200.000000000    6.73469    54.0304 
 1200.000000000    6.93878    53.5954 
 1200.000000000    7.14286    53.2875 
 1200.000000000    7.34694    53.1054 
 1200.000000000    7.55102    53.0429 
 1200.000000000    7.7551    53.0877 
 1200.000000000    7.95918    53.2211 
 1200.000000000    8.16327    53.4173 
 1200.000000000    8.36735    53.6427 
 1200.000000000    8.57143    53.8551 
 1200.000000000    8.77551    54.0032 
 1200.000000000    8.97959    54.026 
 1200.000000000    9.18367    53.8522 
 1200.000000000    9.38776    53.3992 
 1200.000000000    9.59184    52.5728 
 1200.000000000    9.79592    51.2665 
 1200.000000000    10    49.3605 
  
 1500.000000000    0    125.657 
 1500.000000000    0.204082    115.911 
 1500.000000000    0.408163    107.694 
 1500.000000000    0.612245    100.81 
 1500.000000000    0.816327    95.079 
 1500.000000000    1.02041    90.3358 
 1500.000000000    1.22449    86.4314 
 1500.000000000    1.42857    83.2309 
 1500.000000000    1.63265    80.613 
 1500.000000000    1.83673    78.4697 
 1500.000000000    2.04082    76.7051 
 1500.000000000    2.2449    75.2355 
 1500.000000000    2.44898    73.988 
 1500.000000000    2.65306    72.9003 
 1500.000000000    2.85714    71.9201 
 1500.000000000    3.06122    71.0041 
 1500.000000000    3.26531    70.1175 
 1500.000000000    3.46939    69.2336 
 1500.000000000    3.67347    68.3328 
 1500.000000000    3.87755    67.4021 
 1500.000000000    4.08163    66.4344 
 1500.000000000    4.28571    65.4279 
 1500.000000000    4.4898    64.3856 
 1500.000000000    4.69388    63.3142 
 1500.000000000    4.89796    62.224 
 1500.000000000    5.10204    61.1278 
 1500.000000000    5.30612    60.0405 
 1500.000000000    5.5102    58.9785 
 1500.000000000    5.71429    57.9588 
 1500.000000000    5.91837    56.9984 
 1500.000000000    6.12245    56.114 
 1500.000000000    6.32653    55.3208 
 1500.000000000    6.53061    54.6324 
 1500.000000000    6.73469    54.0597 
 1500.000000000    6.93878    53.6104 
 1500.000000000    7.14286    53.2886 
 1500.000000000    7.34694    53.0937 
 1500.000000000    7.55102    53.0201 
 1500.000000000    7.7551    53.0565 
 1500.000000000    7.95918    53.185 
 1500.000000000    8.16327    53.3807 
 1500.000000000    8.36735    53.6112 
 1500.000000000    8.57143    53.8353 
 1500.000000000    8.77551    54.0031 
 1500.000000000    8.97959    54.0551 
 1500.000000000    9.18367    53.9211 
 1500.000000000    9.38776    53.5204 
 1500.000000000    9.59184    52.7602 
 1500.000000000    9.79592    51.5358 
 1500.000000000    10    49.7295 
  
 1800.000000000    0    126.357 
 1800.000000000    0.204082    116.498 
 1800.000000000    0.408163    108.183 
 1800.000000000    0.612245    101.215 
 1800.000000000    0.816327    95.4115 
 1800.000000000    1.02041    90.6081 
 1800.000000000    1.22449    86.6539 
 1800.000000000    1.42857    83.4129 
 1800.000000000    1.63265    80.763 
 1800.000000000    1.83673    78.595 
 1800.000000000    2.04082    76.8122 
 1800.000000000    2.2449    75.3299 
 1800.000000000    2.44898    74.0745 
 1800.000000000    2.65306    72.9828 
 1800.000000000    2.85714    72.0017 
 1800.000000000    3.06122    71.0872 
 1800.000000000    3.26531    70.2039 
 1800.000000000    3.46939    69.3244 
 1800.000000000    3.67347    68.4286 
 1800.000000000    3.87755    67.5029 
 1800.000000000    4.08163    66.5398 
 1800.000000000    4.28571    65.5371 
 1800.000000000    4.4898    64.4974 
 1800.000000000    4.69388    63.4273 
 1800.000000000    4.89796    62.3367 
 1800.000000000    5.10204    61.2383 
 1800.000000000    5.30612    60.1469 
 1800.000000000    5.5102    59.0789 
 1800.000000000    5.71429    58.0512 
 1800.000000000    5.91837    57.0812 
 1800.000000000    6.12245    56.1854 
 1800.000000000    6.32653    55.3796 
 1800.000000000    6.53061    54.6775 
 1800.000000000    6.73469    54.0904 
 1800.000000000    6.93878    53.6266 
 1800.000000000    7.14286    53.2907 
 1800.000000000    7.34694    53.0828 
 1800.000000000    7.55102    52.9979 
 1800.000000000    7.7551    53.0255 
 1800.000000000    7.95918    53.1486 
 1800.000000000    8.16327    53.3433 
 1800.000000000    8.36735    53.5782 
 1800.000000000    8.57143    53.8134 
 1800.000000000    8.77551    54.0001 
 1800.000000000    8.97959    54.08 
 1800.000000000    9.18367    53.9846 
 1800.000000000    9.38776    53.6344 
 1800.000000000    9.59184    52.9386 
 1800.000000000    9.79592    51.7939 
 1800.000000000    10    50.0844 
  
 2100.000000000    0    127.089 
 2100.000000000    0.204082    117.112 
 2100.000000000    0.408163    108.694 
 2100.000000000    0.612245    101.637 
 2100.000000000    0.816327    95.7589 
 2100.000000000    1.02041    90.8923 
 2100.000000000    1.22449    86.8858 
 2100.000000000    1.42857    83.6024 
 2100.000000000    1.63265    80.9187 
 2100.000000000    1.83673    78.7247 
 2100.000000000    2.04082    76.9226 
 2100.000000000    2.2449    75.4268 
 2100.000000000    2.44898    74.1628 
 2100.000000000    2.65306    73.0666 
 2100.000000000    2.85714    72.0842 
 2100.000000000    3.06122    71.171 
 2100.000000000    3.26531    70.2909 
 2100.000000000    3.46939    69.4158 
 2100.000000000    3.67347    68.525 
 2100.000000000    3.87755    67.6044 
 2100.000000000    4.08163    66.646 
 2100.000000000    4.28571    65.6474 
 2100.000000000    4.4898    64.6106 
 2100.000000000    4.69388    63.5419 
 2100.000000000    4.89796    62.4511 
 2100.000000000    5.10204    61.3507 
 2100.000000000    5.30612    60.2554 
 2100.000000000    5.5102    59.1815 
 2100.000000000    5.71429    58.1461 
 2100.000000000    5.91837    57.1664 
 2100.000000000    6.12245    56.2595 
 2100.000000000    6.32653    55.4411 
 2100.000000000    6.53061    54.7252 
 2100.000000000    6.73469    54.1238 
 2100.000000000    6.93878    53.6454 
 2100.000000000    7.14286    53.2952 
 2100.000000000    7.34694    53.0739 
 2100.000000000    7.55102    52.9772 
 2100.000000000    7.7551    52.9955 
 2100.000000000    7.95918    53.1126 
 2100.000000000    8.16327    53.3056 
 2100.000000000    8.36735    53.5439 
 2100.000000000    8.57143    53.7889 
 2100.000000000    8.77551    53.993 
 2100.000000000    8.97959    54.0993 
 2100.000000000    9.18367    54.0404 
 2100.000000000    9.38776    53.7385 
 2100.000000000    9.59184    53.1042 
 2100.000000000    9.79592    52.0361 
 2100.000000000    10    50.4199 
  
 2400.000000000    0    127.845 
 2400.000000000    0.204082    117.747 
 2400.000000000    0.408163    109.225 
 2400.000000000    0.612245    102.079 
 2400.000000000    0.816327    96.1237 
 2400.000000000    1.02041    91.1924 
 2400.000000000    1.22449    87.1322 
 2400.000000000    1.42857    83.8048 
 2400.000000000    1.63265    81.0859 
 2400.000000000    1.83673    78.8644 
 2400.000000000    2.04082    77.0417 
 2400.000000000    2.2449    75.5311 
 2400.000000000    2.44898    74.2572 
 2400.000000000    2.65306    73.1554 
 2400.000000000    2.85714    72.1708 
 2400.000000000    3.06122    71.258 
 2400.000000000    3.26531    70.3803 
 2400.000000000    3.46939    69.5089 
 2400.000000000    3.67347    68.6225 
 2400.000000000    3.87755    67.7066 
 2400.000000000    4.08163    66.7528 
 2400.000000000    4.28571    65.7579 
 2400.000000000    4.4898    64.7239 
 2400.000000000    4.69388    63.6568 
 2400.000000000    4.89796    62.5659 
 2400.000000000    5.10204    61.4638 
 2400.000000000    5.30612    60.3649 
 2400.000000000    5.5102    59.2856 
 2400.000000000    5.71429    58.2428 
 2400.000000000    5.91837    57.2541 
 2400.000000000    6.12245    56.3364 
 2400.000000000    6.32653    55.5059 
 2400.000000000    6.53061    54.7768 
 2400.000000000    6.73469    54.1613 
 2400.000000000    6.93878    53.6686 
 2400.000000000    7.14286    53.3043 
 2400.000000000    7.34694    53.0696 
 2400.000000000    7.55102    52.961 
 2400.000000000    7.7551    52.9695 
 2400.000000000    7.95918    53.0798 
 2400.000000000    8.16327    53.2699 
 2400.000000000    8.36735    53.5101 
 2400.000000000    8.57143    53.763 
 2400.000000000    8.77551    53.9821 
 2400.000000000    8.97959    54.1115 
 2400.000000000    9.18367    54.0855 
 2400.000000000    9.38776    53.8275 
 2400.000000000    9.59184    53.2497 
 2400.000000000    9.79592    52.252 
 2400.000000000    10    50.7221 
  
 2700.000000000    0    128.62 
 2700.000000000    0.204082    118.405 
 2700.000000000    0.408163    109.779 
 2700.000000000    0.612245    102.543 
 2700.000000000    0.816327    96.5102 
 2700.000000000    1.02041    91.5128 
 2700.000000000    1.22449    87.3969 
 2700.000000000    1.42857    84.0234 
 2700.000000000    1.63265    81.2669 
 2700.000000000    1.83673    79.0155 
 2700.000000000    2.04082    77.1696 
 2700.000000000    2.2449    75.6418 
 2700.000000000    2.44898    74.3559 
 2700.000000000    2.65306    73.2464 
 2700.000000000    2.85714    72.2577 
 2700.000000000    3.06122    71.3437 
 2700.000000000    3.26531    70.467 
 2700.000000000    3.46939    69.5983 
 2700.000000000    3.67347    68.7158 
 2700.000000000    3.87755    67.8042 
 2700.000000000    4.08163    66.8547 
 2700.000000000    4.28571    65.8639 
 2700.000000000    4.4898    64.8332 
 2700.000000000    4.69388    63.7683 
 2700.000000000    4.89796    62.6783 
 2700.000000000    5.10204    61.5755 
 2700.000000000    5.30612    60.4742 
 2700.000000000    5.5102    59.3907 
 2700.000000000    5.71429    58.342 
 2700.000000000    5.91837    57.3454 
 2700.000000000    6.12245    56.4182 
 2700.000000000    6.32653    55.5767 
 2700.000000000    6.53061    54.8353 
 2700.000000000    6.73469    54.2066 
 2700.000000000    6.93878    53.7 
 2700.000000000    7.14286    53.3217 
 2700.000000000    7.34694    53.0735 
 2700.000000000    7.55102    52.9524 
 2700.000000000    7.7551    52.9501 
 2700.000000000    7.95918    53.0522 
 2700.000000000    8.16327    53.2374 
 2700.000000000    8.36735    53.4772 
 2700.000000000    8.57143    53.7349 
 2700.000000000    8.77551    53.9654 
 2700.000000000    8.97959    54.114 
 2700.000000000    9.18367    54.1162 
 2700.000000000    9.38776    53.897 
 2700.000000000    9.59184    53.3698 
 2700.000000000    9.79592    52.4366 
 2700.000000000    10    50.9864 
  
 3000.000000000    0    129.411 
 3000.000000000    0.204082    119.08 
 3000.000000000    0.408163    110.352 
 3000.000000000    0.612245    103.025 
 3000.000000000    0.816327    96.9149 
 3000.000000000    1.02041    91.8506 
 3000.000000000    1.22449    87.6778 
 3000.000000000    1.42857    84.2565 
 3000.000000000    1.63265    81.4606 
 3000.000000000    1.83673    79.1773 
 3000.000000000    2.04082    77.3063 
 3000.000000000    2.2449    75.7593 
 3000.000000000    2.44898    74.4594 
 3000.000000000    2.65306    73.3403 
 3000.000000000    2.85714    72.3458 
 3000.000000000    3.06122    71.4292 
 3000.000000000    3.26531    70.5523 
 3000.000000000    3.46939    69.6853 
 3000.000000000    3.67347    68.8057 
 3000.000000000    3.87755    67.8979 
 3000.000000000    4.08163    66.9525 
 3000.000000000    4.28571    65.9656 
 3000.000000000    4.4898    64.9384 
 3000.000000000    4.69388    63.876 
 3000.000000000    4.89796    62.7876 
 3000.000000000    5.10204    61.6849 
 3000.000000000    5.30612    60.5823 
 3000.000000000    5.5102    59.4957 
 3000.000000000    5.71429    58.4422 
 3000.000000000    5.91837    57.4391 
 3000.000000000    6.12245    56.5038 
 3000.000000000    6.32653    55.6524 
 3000.000000000    6.53061    54.9 
 3000.000000000    6.73469    54.259 
 3000.000000000    6.93878    53.7395 
 3000.000000000    7.14286    53.3479 
 3000.000000000    7.34694    53.0864 
 3000.000000000    7.55102    52.9527 
 3000.000000000    7.7551    52.9392 
 3000.000000000    7.95918    53.032 
 3000.000000000    8.16327    53.2107 
 3000.000000000    8.36735    53.4478 
 3000.000000000    8.57143    53.7075 
 3000.000000000    8.77551    53.9456 
 3000.000000000    8.97959    54.1088 
 3000.000000000    9.18367    54.1337 
 3000.000000000    9.38776    53.9467 
 3000.000000000    9.59184    53.4626 
 3000.000000000    9.79592    52.585 
 3000.000000000    10    51.2045 
  
 3300.000000000    0    130.201 
 3300.000000000    0.204082    119.76 
 3300.000000000    0.408163    110.935 
 3300.000000000    0.612245    103.522 
 3300.000000000    0.816327    97.3352 
 3300.000000000    1.02041    92.2045 
 3300.000000000    1.22449    87.9746 
 3300.000000000    1.42857    84.5046 
 3300.000000000    1.63265    81.6679 
 3300.000000000    1.83673    79.351 
 3300.000000000    2.04082    77.4527 
 3300.000000000    2.2449    75.8844 
 3300.000000000    2.44898    74.5682 
 3300.000000000    2.65306    73.4374 
 3300.000000000    2.85714    72.4352 
 3300.000000000    3.06122    71.514 
 3300.000000000    3.26531    70.6353 
 3300.000000000    3.46939    69.7687 
 3300.000000000    3.67347    68.8911 
 3300.000000000    3.87755    67.9864 
 3300.000000000    4.08163    67.0447 
 3300.000000000    4.28571    66.0618 
 3300.000000000    4.4898    65.0383 
 3300.000000000    4.69388    63.9792 
 3300.000000000    4.89796    62.8931 
 3300.000000000    5.10204    61.7916 
 3300.000000000    5.30612    60.6888 
 3300.000000000    5.5102    59.6005 
 3300.000000000    5.71429    58.5436 
 3300.000000000    5.91837    57.5356 
 3300.000000000    6.12245    56.5935 
 3300.000000000    6.32653    55.7338 
 3300.000000000    6.53061    54.9715 
 3300.000000000    6.73469    54.3194 
 3300.000000000    6.93878    53.7877 
 3300.000000000    7.14286    53.3832 
 3300.000000000    7.34694    53.1087 
 3300.000000000    7.55102    52.9622 
 3300.000000000    7.7551    52.9367 
 3300.000000000    7.95918    53.019 
 3300.000000000    8.16327    53.1896 
 3300.000000000    8.36735    53.4215 
 3300.000000000    8.57143    53.6802 
 3300.000000000    8.77551    53.9225 
 3300.000000000    8.97959    54.096 
 3300.000000000    9.18367    54.1389 
 3300.000000000    9.38776    53.9785 
 3300.000000000    9.59184    53.5315 
 3300.000000000    9.79592    52.7027 
 3300.000000000    10    51.3847 
  
 3600.000000000    0    130.99 
 3600.000000000    0.204082    120.444 
 3600.000000000    0.408163    111.525 
 3600.000000000    0.612245    104.027 
 3600.000000000    0.816327    97.7659 
 3600.000000000    1.02041    92.5695 
 3600.000000000    1.22449    88.2825 
 3600.000000000    1.42857    84.7634 
 3600.000000000    1.63265    81.885 
 3600.000000000    1.83673    79.5332 
 3600.000000000    2.04082    77.6065 
 3600.000000000    2.2449    76.0153 
 3600.000000000    2.44898    74.6815 
 3600.000000000    2.65306    73.5376 
 3600.000000000    2.85714    72.5262 
 3600.000000000    3.06122    71.5994 
 3600.000000000    3.26531    70.7179 
 3600.000000000    3.46939    69.8507 
 3600.000000000    3.67347    68.9744 
 3600.000000000    3.87755    68.0723 
 3600.000000000    4.08163    67.1341 
 3600.000000000    4.28571    66.1551 
 3600.000000000    4.4898    65.1355 
 3600.000000000    4.69388    64.0799 
 3600.000000000    4.89796    62.9966 
 3600.000000000    5.10204    61.897 
 3600.000000000    5.30612    60.7948 
 3600.000000000    5.5102    59.7057 
 3600.000000000    5.71429    58.6464 
 3600.000000000    5.91837    57.6342 
 3600.000000000    6.12245    56.6863 
 3600.000000000    6.32653    55.8191 
 3600.000000000    6.53061    55.0478 
 3600.000000000    6.73469    54.3852 
 3600.000000000    6.93878    53.8419 
 3600.000000000    7.14286    53.4249 
 3600.000000000    7.34694    53.1373 
 3600.000000000    7.55102    52.9778 
 3600.000000000    7.7551    52.9399 
 3600.000000000    7.95918    53.0109 
 3600.000000000    8.16327    53.1722 
 3600.000000000    8.36735    53.3976 
 3600.000000000    8.57143    53.6535 
 3600.000000000    8.77551    53.8976 
 3600.000000000    8.97959    54.0789 
 3600.000000000    9.18367    54.1366 
 3600.000000000    9.38776    53.9995 
 3600.000000000    9.59184    53.5858 
 3600.000000000    9.79592    52.8018 
 3600.000000000    10    51.5418 
  
 3900.000000000    0    131.798 
 3900.000000000    0.204082    121.141 
 3900.000000000    0.408163    112.123 
 3900.000000000    0.612245    104.538 
 3900.000000000    0.816327    98.1998 
 3900.000000000    1.02041    92.9364 
 3900.000000000    1.22449    88.5914 
 3900.000000000    1.42857    85.023 
 3900.000000000    1.63265    82.103 
 3900.000000000    1.83673    79.7167 
 3900.000000000    2.04082    77.7619 
 3900.000000000    2.2449    76.1485 
 3900.000000000    2.44898    74.7976 
 3900.000000000    2.65306    73.6411 
 3900.000000000    2.85714    72.6211 
 3900.000000000    3.06122    71.6889 
 3900.000000000    3.26531    70.8048 
 3900.000000000    3.46939    69.9373 
 3900.000000000    3.67347    69.0623 
 3900.000000000    3.87755    68.1627 
 3900.000000000    4.08163    67.2278 
 3900.000000000    4.28571    66.2523 
 3900.000000000    4.4898    65.2362 
 3900.000000000    4.69388    64.1836 
 3900.000000000    4.89796    63.1025 
 3900.000000000    5.10204    62.0042 
 3900.000000000    5.30612    60.902 
 3900.000000000    5.5102    59.8115 
 3900.000000000    5.71429    58.7493 
 3900.000000000    5.91837    57.7326 
 3900.000000000    6.12245    56.7786 
 3900.000000000    6.32653    55.9038 
 3900.000000000    6.53061    55.1234 
 3900.000000000    6.73469    54.4505 
 3900.000000000    6.93878    53.8957 
 3900.000000000    7.14286    53.4665 
 3900.000000000    7.34694    53.1664 
 3900.000000000    7.55102    52.9945 
 3900.000000000    7.7551    52.9446 
 3900.000000000    7.95918    53.005 
 3900.000000000    8.16327    53.1574 
 3900.000000000    8.36735    53.3766 
 3900.000000000    8.57143    53.6297 
 3900.000000000    8.77551    53.8755 
 3900.000000000    8.97959    54.0639 
 3900.000000000    9.18367    54.1351 
 3900.000000000    9.38776    54.0194 
 3900.000000000    9.59184    53.636 
 3900.000000000    9.79592    52.8928 
 3900.000000000    10    51.6854 
  
 4200.000000000    0    132.651 
 4200.000000000    0.204082    121.866 
 4200.000000000    0.408163    112.735 
 4200.000000000    0.612245    105.053 
 4200.000000000    0.816327    98.6305 
 4200.000000000    1.02041    93.2957 
 4200.000000000    1.22449    88.8907 
 4200.000000000    1.42857    85.2724 
 4200.000000000    1.63265    82.3116 
 4200.000000000    1.83673    79.8925 
 4200.000000000    2.04082    77.912 
 4200.000000000    2.2449    76.2791 
 4200.000000000    2.44898    74.9139 
 4200.000000000    2.65306    73.7476 
 4200.000000000    2.85714    72.7215 
 4200.000000000    3.06122    71.7862 
 4200.000000000    3.26531    70.9014 
 4200.000000000    3.46939    70.0348 
 4200.000000000    3.67347    69.162 
 4200.000000000    3.87755    68.2652 
 4200.000000000    4.08163    67.3334 
 4200.000000000    4.28571    66.3609 
 4200.000000000    4.4898    65.3471 
 4200.000000000    4.69388    64.2962 
 4200.000000000    4.89796    63.2158 
 4200.000000000    5.10204    62.1168 
 4200.000000000    5.30612    61.0127 
 4200.000000000    5.5102    59.9188 
 4200.000000000    5.71429    58.8517 
 4200.000000000    5.91837    57.8287 
 4200.000000000    6.12245    56.8671 
 4200.000000000    6.32653    55.9833 
 4200.000000000    6.53061    55.1928 
 4200.000000000    6.73469    54.5089 
 4200.000000000    6.93878    53.9426 
 4200.000000000    7.14286    53.5016 
 4200.000000000    7.34694    53.1898 
 4200.000000000    7.55102    53.0066 
 4200.000000000    7.7551    52.9465 
 4200.000000000    7.95918    52.9982 
 4200.000000000    8.16327    53.1439 
 4200.000000000    8.36735    53.3591 
 4200.000000000    8.57143    53.6116 
 4200.000000000    8.77551    53.8609 
 4200.000000000    8.97959    54.0575 
 4200.000000000    9.18367    54.1428 
 4200.000000000    9.38776    54.0476 
 4200.000000000    9.59184    53.6922 
 4200.000000000    9.79592    52.9853 
 4200.000000000    10    51.8239 
  
 4500.000000000    0    133.573 
 4500.000000000    0.204082    122.632 
 4500.000000000    0.408163    113.367 
 4500.000000000    0.612245    105.571 
 4500.000000000    0.816327    99.0549 
 4500.000000000    1.02041    93.6421 
 4500.000000000    1.22449    89.1735 
 4500.000000000    1.42857    85.5043 
 4500.000000000    1.63265    82.5036 
 4500.000000000    1.83673    80.0542 
 4500.000000000    2.04082    78.0514 
 4500.000000000    2.2449    76.4028 
 4500.000000000    2.44898    75.0276 
 4500.000000000    2.65306    73.8558 
 4500.000000000    2.85714    72.8275 
 4500.000000000    3.06122    71.8927 
 4500.000000000    3.26531    71.0101 
 4500.000000000    3.46939    70.1468 
 4500.000000000    3.67347    69.2777 
 4500.000000000    3.87755    68.3847 
 4500.000000000    4.08163    67.456 
 4500.000000000    4.28571    66.4859 
 4500.000000000    4.4898    65.4734 
 4500.000000000    4.69388    64.4223 
 4500.000000000    4.89796    63.3402 
 4500.000000000    5.10204    62.238 
 4500.000000000    5.30612    61.1291 
 4500.000000000    5.5102    60.0289 
 4500.000000000    5.71429    58.954 
 4500.000000000    5.91837    57.9218 
 4500.000000000    6.12245    56.9499 
 4500.000000000    6.32653    56.0549 
 4500.000000000    6.53061    55.2526 
 4500.000000000    6.73469    54.5566 
 4500.000000000    6.93878    53.9782 
 4500.000000000    7.14286    53.5255 
 4500.000000000    7.34694    53.2027 
 4500.000000000    7.55102    53.0098 
 4500.000000000    7.7551    52.9415 
 4500.000000000    7.95918    52.9871 
 4500.000000000    8.16327    53.1294 
 4500.000000000    8.36735    53.344 
 4500.000000000    8.57143    53.5994 
 4500.000000000    8.77551    53.8555 
 4500.000000000    8.97959    54.0635 
 4500.000000000    9.18367    54.1648 
 4500.000000000    9.38776    54.0909 
 4500.000000000    9.59184    53.7626 
 4500.000000000    9.79592    53.089 
 4500.000000000    10    51.9672 
  
 4800.000000000    0    134.555 
 4800.000000000    0.204082    123.437 
 4800.000000000    0.408163    114.022 
 4800.000000000    0.612245    106.102 
 4800.000000000    0.816327    99.4827 
 4800.000000000    1.02041    93.9859 
 4800.000000000    1.22449    89.4501 
 4800.000000000    1.42857    85.7281 
 4800.000000000    1.63265    82.6872 
 4800.000000000    1.83673    80.2081 
 4800.000000000    2.04082    78.1844 
 4800.000000000    2.2449    76.5223 
 4800.000000000    2.44898    75.1393 
 4800.000000000    2.65306    73.9643 
 4800.000000000    2.85714    72.9362 
 4800.000000000    3.06122    72.004 
 4800.000000000    3.26531    71.1254 
 4800.000000000    3.46939    70.267 
 4800.000000000    3.67347    69.4028 
 4800.000000000    3.87755    68.5142 
 4800.000000000    4.08163    67.5891 
 4800.000000000    4.28571    66.6211 
 4800.000000000    4.4898    65.6093 
 4800.000000000    4.69388    64.5572 
 4800.000000000    4.89796    63.4724 
 4800.000000000    5.10204    62.3655 
 4800.000000000    5.30612    61.2502 
 4800.000000000    5.5102    60.1419 
 4800.000000000    5.71429    59.0574 
 4800.000000000    5.91837    58.0144 
 4800.000000000    6.12245    57.0306 
 4800.000000000    6.32653    56.1231 
 4800.000000000    6.53061    55.3078 
 4800.000000000    6.73469    54.5988 
 4800.000000000    6.93878    54.0078 
 4800.000000000    7.14286    53.5432 
 4800.000000000    7.34694    53.2097 
 4800.000000000    7.55102    53.0077 
 4800.000000000    7.7551    52.9324 
 4800.000000000    7.95918    52.9733 
 4800.000000000    8.16327    53.1137 
 4800.000000000    8.36735    53.3297 
 4800.000000000    8.57143    53.59 
 4800.000000000    8.77551    53.8548 
 4800.000000000    8.97959    54.0756 
 4800.000000000    9.18367    54.1942 
 4800.000000000    9.38776    54.1423 
 4800.000000000    9.59184    53.8407 
 4800.000000000    9.79592    53.1985 
 4800.000000000    10    52.1132 
  
 5100.000000000    0    135.581 
 5100.000000000    0.204082    124.274 
 5100.000000000    0.408163    114.701 
 5100.000000000    0.612245    106.648 
 5100.000000000    0.816327    99.9198 
 5100.000000000    1.02041    94.3346 
 5100.000000000    1.22449    89.7284 
 5100.000000000    1.42857    85.9516 
 5100.000000000    1.63265    82.8691 
 5100.000000000    1.83673    80.3597 
 5100.000000000    2.04082    78.3151 
 5100.000000000    2.2449    76.6398 
 5100.000000000    2.44898    75.2497 
 5100.000000000    2.65306    74.0722 
 5100.000000000    2.85714    73.0453 
 5100.000000000    3.06122    72.1166 
 5100.000000000    3.26531    71.243 
 5100.000000000    3.46939    70.3902 
 5100.000000000    3.67347    69.5316 
 5100.000000000    3.87755    68.648 
 5100.000000000    4.08163    67.7267 
 5100.000000000    4.28571    66.7612 
 5100.000000000    4.4898    65.7502 
 5100.000000000    4.69388    64.6969 
 5100.000000000    4.89796    63.609 
 5100.000000000    5.10204    62.4971 
 5100.000000000    5.30612    61.3748 
 5100.000000000    5.5102    60.2578 
 5100.000000000    5.71429    59.1631 
 5100.000000000    5.91837    58.1086 
 5100.000000000    6.12245    57.1121 
 5100.000000000    6.32653    56.1913 
 5100.000000000    6.53061    55.3624 
 5100.000000000    6.73469    54.6398 
 5100.000000000    6.93878    54.0357 
 5100.000000000    7.14286    53.5589 
 5100.000000000    7.34694    53.2145 
 5100.000000000    7.55102    53.0034 
 5100.000000000    7.7551    52.9211 
 5100.000000000    7.95918    52.9576 
 5100.000000000    8.16327    53.0965 
 5100.000000000    8.36735    53.3144 
 5100.000000000    8.57143    53.5802 
 5100.000000000    8.77551    53.8545 
 5100.000000000    8.97959    54.089 
 5100.000000000    9.18367    54.2257 
 5100.000000000    9.38776    54.1963 
 5100.000000000    9.59184    53.9217 
 5100.000000000    9.79592    53.3113 
 5100.000000000    10    52.262 
  
 5400.000000000    0    136.632 
 5400.000000000    0.204082    125.132 
 5400.000000000    0.408163    115.396 
 5400.000000000    0.612245    107.208 
 5400.000000000    0.816327    100.368 
 5400.000000000    1.02041    94.6919 
 5400.000000000    1.22449    90.0131 
 5400.000000000    1.42857    86.1797 
 5400.000000000    1.63265    83.0542 
 5400.000000000    1.83673    80.5132 
 5400.000000000    2.04082    78.4468 
 5400.000000000    2.2449    76.7574 
 5400.000000000    2.44898    75.3597 
 5400.000000000    2.65306    74.1796 
 5400.000000000    2.85714    73.1536 
 5400.000000000    3.06122    72.2284 
 5400.000000000    3.26531    71.3599 
 5400.000000000    3.46939    70.513 
 5400.000000000    3.67347    69.6602 
 5400.000000000    3.87755    68.7819 
 5400.000000000    4.08163    67.8649 
 5400.000000000    4.28571    66.9022 
 5400.000000000    4.4898    65.8923 
 5400.000000000    4.69388    64.8383 
 5400.000000000    4.89796    63.7476 
 5400.000000000    5.10204    62.6309 
 5400.000000000    5.30612    61.502 
 5400.000000000    5.5102    60.3764 
 5400.000000000    5.71429    59.2715 
 5400.000000000    5.91837    58.2054 
 5400.000000000    6.12245    57.1963 
 5400.000000000    6.32653    56.262 
 5400.000000000    6.53061    55.4192 
 5400.000000000    6.73469    54.6828 
 5400.000000000    6.93878    54.0651 
 5400.000000000    7.14286    53.5757 
 5400.000000000    7.34694    53.2199 
 5400.000000000    7.55102    52.9991 
 5400.000000000    7.7551    52.9092 
 5400.000000000    7.95918    52.9408 
 5400.000000000    8.16327    53.0778 
 5400.000000000    8.36735    53.2972 
 5400.000000000    8.57143    53.5682 
 5400.000000000    8.77551    53.8518 
 5400.000000000    8.97959    54.1 
 5400.000000000    9.18367    54.255 
 5400.000000000    9.38776    54.2487 
 5400.000000000    9.59184    54.0021 
 5400.000000000    9.79592    53.4246 
 5400.000000000    10    52.4133 
  
 5700.000000000    0    137.685 
 5700.000000000    0.204082    125.997 
 5700.000000000    0.408163    116.101 
 5700.000000000    0.612245    107.779 
 5700.000000000    0.816327    100.828 
 5700.000000000    1.02041    95.0606 
 5700.000000000    1.22449    90.3085 
 5700.000000000    1.42857    86.4172 
 5700.000000000    1.63265    83.2471 
 5700.000000000    1.83673    80.673 
 5700.000000000    2.04082    78.5829 
 5700.000000000    2.2449    76.8778 
 5700.000000000    2.44898    75.4708 
 5700.000000000    2.65306    74.2865 
 5700.000000000    2.85714    73.2602 
 5700.000000000    3.06122    72.3375 
 5700.000000000    3.26531    71.4734 
 5700.000000000    3.46939    70.6318 
 5700.000000000    3.67347    69.7848 
 5700.000000000    3.87755    68.9118 
 5700.000000000    4.08163    67.9993 
 5700.000000000    4.28571    67.04 
 5700.000000000    4.4898    66.0318 
 5700.000000000    4.69388    64.9778 
 5700.000000000    4.89796    63.8853 
 5700.000000000    5.10204    62.7648 
 5700.000000000    5.30612    61.6301 
 5700.000000000    5.5102    60.497 
 5700.000000000    5.71429    59.3828 
 5700.000000000    5.91837    58.3058 
 5700.000000000    6.12245    57.2847 
 5700.000000000    6.32653    56.3374 
 5700.000000000    6.53061    55.4809 
 5700.000000000    6.73469    54.7306 
 5700.000000000    6.93878    54.0993 
 5700.000000000    7.14286    53.5966 
 5700.000000000    7.34694    53.2288 
 5700.000000000    7.55102    52.9973 
 5700.000000000    7.7551    52.8989 
 5700.000000000    7.95918    52.9242 
 5700.000000000    8.16327    53.0579 
 5700.000000000    8.36735    53.2774 
 5700.000000000    8.57143    53.5524 
 5700.000000000    8.77551    53.8442 
 5700.000000000    8.97959    54.1052 
 5700.000000000    9.18367    54.2781 
 5700.000000000    9.38776    54.2951 
 5700.000000000    9.59184    54.0775 
 5700.000000000    9.79592    53.535 
 5700.000000000    10    52.5649 
  
 6000.000000000    0    138.714 
 6000.000000000    0.204082    126.851 
 6000.000000000    0.408163    116.806 
 6000.000000000    0.612245    108.357 
 6000.000000000    0.816327    101.299 
 6000.000000000    1.02041    95.4434 
 6000.000000000    1.22449    90.6188 
 6000.000000000    1.42857    86.6691 
 6000.000000000    1.63265    83.4531 
 6000.000000000    1.83673    80.8436 
 6000.000000000    2.04082    78.7274 
 6000.000000000    2.2449    77.0039 
 6000.000000000    2.44898    75.5849 
 6000.000000000    2.65306    74.3938 
 6000.000000000    2.85714    73.3649 
 6000.000000000    3.06122    72.4426 
 6000.000000000    3.26531    71.5812 
 6000.000000000    3.46939    70.7438 
 6000.000000000    3.67347    69.9016 
 6000.000000000    3.87755    69.0336 
 6000.000000000    4.08163    68.1258 
 6000.000000000    4.28571    67.1702 
 6000.000000000    4.4898    66.1647 
 6000.000000000    4.69388    65.112 
 6000.000000000    4.89796    64.019 
 6000.000000000    5.10204    62.8963 
 6000.000000000    5.30612    61.7576 
 6000.000000000    5.5102    60.6185 
 6000.000000000    5.71429    59.4967 
 6000.000000000    5.91837    58.4105 
 6000.000000000    6.12245    57.3787 
 6000.000000000    6.32653    56.4194 
 6000.000000000    6.53061    55.5501 
 6000.000000000    6.73469    54.7863 
 6000.000000000    6.93878    54.1412 
 6000.000000000    7.14286    53.625 
 6000.000000000    7.34694    53.2441 
 6000.000000000    7.55102    53.0008 
 6000.000000000    7.7551    52.892 
 6000.000000000    7.95918    52.9092 
 6000.000000000    8.16327    53.0375 
 6000.000000000    8.36735    53.2547 
 6000.000000000    8.57143    53.5313 
 6000.000000000    8.77551    53.8292 
 6000.000000000    8.97959    54.1014 
 6000.000000000    9.18367    54.2911 
 6000.000000000    9.38776    54.3312 
 6000.000000000    9.59184    54.1438 
 6000.000000000    9.79592    53.639 
 6000.000000000    10    52.7147 
  
 6300.000000000    0    139.729 
 6300.000000000    0.204082    127.701 
 6300.000000000    0.408163    117.514 
 6300.000000000    0.612245    108.943 
 6300.000000000    0.816327    101.781 
 6300.000000000    1.02041    95.8384 
 6300.000000000    1.22449    90.9417 
 6300.000000000    1.42857    86.9331 
 6300.000000000    1.63265    83.6698 
 6300.000000000    1.83673    81.0233 
 6300.000000000    2.04082    78.8789 
 6300.000000000    2.2449    77.1348 
 6300.000000000    2.44898    75.7017 
 6300.000000000    2.65306    74.5017 
 6300.000000000    2.85714    73.4682 
 6300.000000000    3.06122    72.5448 
 6300.000000000    3.26531    71.6847 
 6300.000000000    3.46939    70.8504 
 6300.000000000    3.67347    70.0125 
 6300.000000000    3.87755    69.1493 
 6300.000000000    4.08163    68.2461 
 6300.000000000    4.28571    67.2947 
 6300.000000000    4.4898    66.2925 
 6300.000000000    4.69388    65.2419 
 6300.000000000    4.89796    64.1495 
 6300.000000000    5.10204    63.0259 
 6300.000000000    5.30612    61.8844 
 6300.000000000    5.5102    60.7409 
 6300.000000000    5.71429    59.6127 
 6300.000000000    5.91837    58.5185 
 6300.000000000    6.12245    57.477 
 6300.000000000    6.32653    56.5066 
 6300.000000000    6.53061    55.6251 
 6300.000000000    6.73469    54.8481 
 6300.000000000    6.93878    54.1893 
 6300.000000000    7.14286    53.6593 
 6300.000000000    7.34694    53.2649 
 6300.000000000    7.55102    53.0088 
 6300.000000000    7.7551    52.8885 
 6300.000000000    7.95918    52.8961 
 6300.000000000    8.16327    53.0171 
 6300.000000000    8.36735    53.2303 
 6300.000000000    8.57143    53.5067 
 6300.000000000    8.77551    53.8088 
 6300.000000000    8.97959    54.0906 
 6300.000000000    9.18367    54.2959 
 6300.000000000    9.38776    54.3587 
 6300.000000000    9.59184    54.2015 
 6300.000000000    9.79592    53.7356 
 6300.000000000    10    52.8597 
  
 6600.000000000    0    140.757 
 6600.000000000    0.204082    128.564 
 6600.000000000    0.408163    118.234 
 6600.000000000    0.612245    109.54 
 6600.000000000    0.816327    102.273 
 6600.000000000    1.02041    96.2426 
 6600.000000000    1.22449    91.2726 
 6600.000000000    1.42857    87.2038 
 6600.000000000    1.63265    83.892 
 6600.000000000    1.83673    81.2073 
 6600.000000000    2.04082    79.0337 
 6600.000000000    2.2449    77.268 
 6600.000000000    2.44898    75.8197 
 6600.000000000    2.65306    74.61 
 6600.000000000    2.85714    73.5713 
 6600.000000000    3.06122    72.6461 
 6600.000000000    3.26531    71.787 
 6600.000000000    3.46939    70.9556 
 6600.000000000    3.67347    70.1217 
 6600.000000000    3.87755    69.2632 
 6600.000000000    4.08163    68.3648 
 6600.000000000    4.28571    67.4178 
 6600.000000000    4.4898    66.4191 
 6600.000000000    4.69388    65.3709 
 6600.000000000    4.89796    64.2796 
 6600.000000000    5.10204    63.1554 
 6600.000000000    5.30612    62.0116 
 6600.000000000    5.5102    60.864 
 6600.000000000    5.71429    59.73 
 6600.000000000    5.91837    58.6282 
 6600.000000000    6.12245    57.5774 
 6600.000000000    6.32653    56.5963 
 6600.000000000    6.53061    55.7028 
 6600.000000000    6.73469    54.9129 
 6600.000000000    6.93878    54.2405 
 6600.000000000    7.14286    53.6966 
 6600.000000000    7.34694    53.2885 
 6600.000000000    7.55102    53.0193 
 6600.000000000    7.7551    52.8871 
 6600.000000000    7.95918    52.8845 
 6600.000000000    8.16327    52.9977 
 6600.000000000    8.36735    53.2061 
 6600.000000000    8.57143    53.4813 
 6600.000000000    8.77551    53.7869 
 6600.000000000    8.97959    54.0772 
 6600.000000000    9.18367    54.2972 
 6600.000000000    9.38776    54.3814 
 6600.000000000    9.59184    54.2536 
 6600.000000000    9.79592    53.8257 
 6600.000000000    10    52.9974 
  
 6900.000000000    0    141.794 
 6900.000000000    0.204082    129.437 
 6900.000000000    0.408163    118.964 
 6900.000000000    0.612245    110.147 
 6900.000000000    0.816327    102.776 
 6900.000000000    1.02041    96.656 
 6900.000000000    1.22449    91.6117 
 6900.000000000    1.42857    87.4816 
 6900.000000000    1.63265    84.1202 
 6900.000000000    1.83673    81.3961 
 6900.000000000    2.04082    79.1919 
 6900.000000000    2.2449    77.4035 
 6900.000000000    2.44898    75.9391 
 6900.000000000    2.65306    74.7188 
 6900.000000000    2.85714    73.6741 
 6900.000000000    3.06122    72.7465 
 6900.000000000    3.26531    71.8879 
 6900.000000000    3.46939    71.059 
 6900.000000000    3.67347    70.229 
 6900.000000000    3.87755    69.3751 
 6900.000000000    4.08163    68.4815 
 6900.000000000    4.28571    67.5391 
 6900.000000000    4.4898    66.5443 
 6900.000000000    4.69388    65.4989 
 6900.000000000    4.89796    64.409 
 6900.000000000    5.10204    63.2848 
 6900.000000000    5.30612    62.1393 
 6900.000000000    5.5102    60.9882 
 6900.000000000    5.71429    59.8488 
 6900.000000000    5.91837    58.7398 
 6900.000000000    6.12245    57.6802 
 6900.000000000    6.32653    56.6887 
 6900.000000000    6.53061    55.7834 
 6900.000000000    6.73469    54.9807 
 6900.000000000    6.93878    54.2947 
 6900.000000000    7.14286    53.7368 
 6900.000000000    7.34694    53.3147 
 6900.000000000    7.55102    53.0321 
 6900.000000000    7.7551    52.8875 
 6900.000000000    7.95918    52.8741 
 6900.000000000    8.16327    52.9787 
 6900.000000000    8.36735    53.1815 
 6900.000000000    8.57143    53.4548 
 6900.000000000    8.77551    53.7627 
 6900.000000000    8.97959    54.0608 
 6900.000000000    9.18367    54.2945 
 6900.000000000    9.38776    54.3996 
 6900.000000000    9.59184    54.3005 
 6900.000000000    9.79592    53.9103 
 6900.000000000    10    53.1298 
  
 7200.000000000    0    142.839 
 7200.000000000    0.204082    130.319 
 7200.000000000    0.408163    119.704 
 7200.000000000    0.612245    110.764 
 7200.000000000    0.816327    103.287 
 7200.000000000    1.02041    97.0784 
 7200.000000000    1.22449    91.9589 
 7200.000000000    1.42857    87.7667 
 7200.000000000    1.63265    84.3545 
 7200.000000000    1.83673    81.5898 
 7200.000000000    2.04082    79.3541 
 7200.000000000    2.2449    77.5418 
 7200.000000000    2.44898    76.0602 
 7200.000000000    2.65306    74.8285 
 7200.000000000    2.85714    73.7768 
 7200.000000000    3.06122    72.8463 
 7200.000000000    3.26531    71.9875 
 7200.000000000    3.46939    71.1607 
 7200.000000000    3.67347    70.3343 
 7200.000000000    3.87755    69.485 
 7200.000000000    4.08163    68.5963 
 7200.000000000    4.28571    67.6585 
 7200.000000000    4.4898    66.6678 
 7200.000000000    4.69388    65.6256 
 7200.000000000    4.89796    64.5377 
 7200.000000000    5.10204    63.4139 
 7200.000000000    5.30612    62.2672 
 7200.000000000    5.5102    61.113 
 7200.000000000    5.71429    59.9689 
 7200.000000000    5.91837    58.8532 
 7200.000000000    6.12245    57.7852 
 7200.000000000    6.32653    56.7838 
 7200.000000000    6.53061    55.867 
 7200.000000000    6.73469    55.0517 
 7200.000000000    6.93878    54.3522 
 7200.000000000    7.14286    53.7802 
 7200.000000000    7.34694    53.3441 
 7200.000000000    7.55102    53.0476 
 7200.000000000    7.7551    52.8902 
 7200.000000000    7.95918    52.8654 
 7200.000000000    8.16327    52.9608 
 7200.000000000    8.36735    53.1571 
 7200.000000000    8.57143    53.4275 
 7200.000000000    8.77551    53.7369 
 7200.000000000    8.97959    54.0416 
 7200.000000000    9.18367    54.2881 
 7200.000000000    9.38776    54.413 
 7200.000000000    9.59184    54.3418 
 7200.000000000    9.79592    53.9886 
 7200.000000000    10    53.2552 
  
 7500.000000000    0    143.888 
 7500.000000000    0.204082    131.207 
 7500.000000000    0.408163    120.452 
 7500.000000000    0.612245    111.39 
 7500.000000000    0.816327    103.808 
 7500.000000000    1.02041    97.5098 
 7500.000000000    1.22449    92.3147 
 7500.000000000    1.42857    88.0594 
 7500.000000000    1.63265    84.5955 
 7500.000000000    1.83673    81.7892 
 7500.000000000    2.04082    79.5206 
 7500.000000000    2.2449    77.6834 
 7500.000000000    2.44898    76.1835 
 7500.000000000    2.65306    74.9392 
 7500.000000000    2.85714    73.8798 
 7500.000000000    3.06122    72.9454 
 7500.000000000    3.26531    72.0859 
 7500.000000000    3.46939    71.2607 
 7500.000000000    3.67347    70.4376 
 7500.000000000    3.87755    69.5926 
 7500.000000000    4.08163    68.7087 
 7500.000000000    4.28571    67.7758 
 7500.000000000    4.4898    66.7895 
 7500.000000000    4.69388    65.7508 
 7500.000000000    4.89796    64.6652 
 7500.000000000    5.10204    63.5424 
 7500.000000000    5.30612    62.395 
 7500.000000000    5.5102    61.2385 
 7500.000000000    5.71429    60.0901 
 7500.000000000    5.91837    58.9684 
 7500.000000000    6.12245    57.8925 
 7500.000000000    6.32653    56.8815 
 7500.000000000    6.53061    55.9537 
 7500.000000000    6.73469    55.126 
 7500.000000000    6.93878    54.4131 
 7500.000000000    7.14286    53.8271 
 7500.000000000    7.34694    53.3767 
 7500.000000000    7.55102    53.0662 
 7500.000000000    7.7551    52.8954 
 7500.000000000    7.95918    52.8586 
 7500.000000000    8.16327    52.944 
 7500.000000000    8.36735    53.133 
 7500.000000000    8.57143    53.3995 
 7500.000000000    8.77551    53.7093 
 7500.000000000    8.97959    54.0196 
 7500.000000000    9.18367    54.2778 
 7500.000000000    9.38776    54.4215 
 7500.000000000    9.59184    54.3773 
 7500.000000000    9.79592    54.0604 
 7500.000000000    10    53.3739 
  
 7800.000000000    0    144.938 
 7800.000000000    0.204082    132.1 
 7800.000000000    0.408163    121.207 
 7800.000000000    0.612245    112.024 
 7800.000000000    0.816327    104.338 
 7800.000000000    1.02041    97.9498 
 7800.000000000    1.22449    92.6788 
 7800.000000000    1.42857    88.3598 
 7800.000000000    1.63265    84.8433 
 7800.000000000    1.83673    81.9943 
 7800.000000000    2.04082    79.6919 
 7800.000000000    2.2449    77.8285 
 7800.000000000    2.44898    76.3093 
 7800.000000000    2.65306    75.0513 
 7800.000000000    2.85714    73.9832 
 7800.000000000    3.06122    73.0441 
 7800.000000000    3.26531    72.1832 
 7800.000000000    3.46939    71.359 
 7800.000000000    3.67347    70.5389 
 7800.000000000    3.87755    69.6979 
 7800.000000000    4.08163    68.8188 
 7800.000000000    4.28571    67.8908 
 7800.000000000    4.4898    66.909 
 7800.000000000    4.69388    65.8742 
 7800.000000000    4.89796    64.7914 
 7800.000000000    5.10204    63.6701 
 7800.000000000    5.30612    62.5226 
 7800.000000000    5.5102    61.3642 
 7800.000000000    5.71429    60.2122 
 7800.000000000    5.91837    59.0851 
 7800.000000000    6.12245    58.0019 
 7800.000000000    6.32653    56.9818 
 7800.000000000    6.53061    56.0434 
 7800.000000000    6.73469    55.2036 
 7800.000000000    6.93878    54.4776 
 7800.000000000    7.14286    53.8776 
 7800.000000000    7.34694    53.4127 
 7800.000000000    7.55102    53.0879 
 7800.000000000    7.7551    52.9034 
 7800.000000000    7.95918    52.8541 
 7800.000000000    8.16327    52.9287 
 7800.000000000    8.36735    53.1095 
 7800.000000000    8.57143    53.3711 
 7800.000000000    8.77551    53.6803 
 7800.000000000    8.97959    53.995 
 7800.000000000    9.18367    54.2637 
 7800.000000000    9.38776    54.4251 
 7800.000000000    9.59184    54.4068 
 7800.000000000    9.79592    54.1253 
 7800.000000000    10    53.4849 
  
 8100.000000000    0    145.986 
 8100.000000000    0.204082    132.995 
 8100.000000000    0.408163    121.966 
 8100.000000000    0.612245    112.665 
 8100.000000000    0.816327    104.875 
 8100.000000000    1.02041    98.398 
 8100.000000000    1.22449    93.0509 
 8100.000000000    1.42857    88.6678 
 8100.000000000    1.63265    85.098 
 8100.000000000    1.83673    82.2054 
 8100.000000000    2.04082    79.868 
 8100.000000000    2.2449    77.9774 
 8100.000000000    2.44898    76.4376 
 8100.000000000    2.65306    75.165 
 8100.000000000    2.85714    74.0872 
 8100.000000000    3.06122    73.1425 
 8100.000000000    3.26531    72.2794 
 8100.000000000    3.46939    71.4557 
 8100.000000000    3.67347    70.6381 
 8100.000000000    3.87755    69.801 
 8100.000000000    4.08163    68.9265 
 8100.000000000    4.28571    68.0034 
 8100.000000000    4.4898    67.0265 
 8100.000000000    4.69388    65.9958 
 8100.000000000    4.89796    64.9163 
 8100.000000000    5.10204    63.7968 
 8100.000000000    5.30612    62.6499 
 8100.000000000    5.5102    61.4903 
 8100.000000000    5.71429    60.3353 
 8100.000000000    5.91837    59.2033 
 8100.000000000    6.12245    58.1134 
 8100.000000000    6.32653    57.0848 
 8100.000000000    6.53061    56.1361 
 8100.000000000    6.73469    55.2846 
 8100.000000000    6.93878    54.5455 
 8100.000000000    7.14286    53.9317 
 8100.000000000    7.34694    53.4523 
 8100.000000000    7.55102    53.1129 
 8100.000000000    7.7551    52.9142 
 8100.000000000    7.95918    52.8517 
 8100.000000000    8.16327    52.9149 
 8100.000000000    8.36735    53.0866 
 8100.000000000    8.57143    53.3423 
 8100.000000000    8.77551    53.6497 
 8100.000000000    8.97959    53.9677 
 8100.000000000    9.18367    54.2459 
 8100.000000000    9.38776    54.4238 
 8100.000000000    9.59184    54.4306 
 8100.000000000    9.79592    54.1837 
 8100.000000000    10    53.589 
  
 8400.000000000    0    147.043 
 8400.000000000    0.204082    133.898 
 8400.000000000    0.408163    122.733 
 8400.000000000    0.612245    113.313 
 8400.000000000    0.816327    105.419 
 8400.000000000    1.02041    98.8521 
 8400.000000000    1.22449    93.4284 
 8400.000000000    1.42857    88.9805 
 8400.000000000    1.63265    85.3567 
 8400.000000000    1.83673    82.4198 
 8400.000000000    2.04082    80.047 
 8400.000000000    2.2449    78.1285 
 8400.000000000    2.44898    76.5677 
 8400.000000000    2.65306    75.2799 
 8400.000000000    2.85714    74.192 
 8400.000000000    3.06122    73.2414 
 8400.000000000    3.26531    72.3759 
 8400.000000000    3.46939    71.5525 
 8400.000000000    3.67347    70.7372 
 8400.000000000    3.87755    69.9039 
 8400.000000000    4.08163    69.0341 
 8400.000000000    4.28571    68.116 
 8400.000000000    4.4898    67.1438 
 8400.000000000    4.69388    66.1174 
 8400.000000000    4.89796    65.0413 
 8400.000000000    5.10204    63.9241 
 8400.000000000    5.30612    62.7778 
 8400.000000000    5.5102    61.6173 
 8400.000000000    5.71429    60.4595 
 8400.000000000    5.91837    59.3228 
 8400.000000000    6.12245    58.2264 
 8400.000000000    6.32653    57.1894 
 8400.000000000    6.53061    56.2306 
 8400.000000000    6.73469    55.3675 
 8400.000000000    6.93878    54.6155 
 8400.000000000    7.14286    53.9877 
 8400.000000000    7.34694    53.4938 
 8400.000000000    7.55102    53.1397 
 8400.000000000    7.7551    52.9266 
 8400.000000000    7.95918    52.8507 
 8400.000000000    8.16327    52.902 
 8400.000000000    8.36735    53.0642 
 8400.000000000    8.57143    53.3136 
 8400.000000000    8.77551    53.6187 
 8400.000000000    8.97959    53.9393 
 8400.000000000    9.18367    54.2262 
 8400.000000000    9.38776    54.42 
 8400.000000000    9.59184    54.4509 
 8400.000000000    9.79592    54.2379 
 8400.000000000    10    53.688 
  
 8700.000000000    0    148.111 
 8700.000000000    0.204082    134.81 
 8700.000000000    0.408163    123.508 
 8700.000000000    0.612245    113.968 
 8700.000000000    0.816327    105.969 
 8700.000000000    1.02041    99.3115 
 8700.000000000    1.22449    93.8103 
 8700.000000000    1.42857    89.2969 
 8700.000000000    1.63265    85.6185 
 8700.000000000    1.83673    82.6369 
 8700.000000000    2.04082    80.228 
 8700.000000000    2.2449    78.2813 
 8700.000000000    2.44898    76.6991 
 8700.000000000    2.65306    75.396 
 8700.000000000    2.85714    74.2977 
 8700.000000000    3.06122    73.3411 
 8700.000000000    3.26531    72.473 
 8700.000000000    3.46939    71.6498 
 8700.000000000    3.67347    70.8368 
 8700.000000000    3.87755    70.0073 
 8700.000000000    4.08163    69.1422 
 8700.000000000    4.28571    68.2291 
 8700.000000000    4.4898    67.2619 
 8700.000000000    4.69388    66.2399 
 8700.000000000    4.89796    65.1672 
 8700.000000000    5.10204    64.0522 
 8700.000000000    5.30612    62.9067 
 8700.000000000    5.5102    61.7453 
 8700.000000000    5.71429    60.5849 
 8700.000000000    5.91837    59.4436 
 8700.000000000    6.12245    58.3407 
 8700.000000000    6.32653    57.2955 
 8700.000000000    6.53061    56.3266 
 8700.000000000    6.73469    55.4518 
 8700.000000000    6.93878    54.6869 
 8700.000000000    7.14286    54.0451 
 8700.000000000    7.34694    53.5366 
 8700.000000000    7.55102    53.1676 
 8700.000000000    7.7551    52.9401 
 8700.000000000    7.95918    52.8505 
 8700.000000000    8.16327    52.8898 
 8700.000000000    8.36735    53.0422 
 8700.000000000    8.57143    53.2849 
 8700.000000000    8.77551    53.5873 
 8700.000000000    8.97959    53.9101 
 8700.000000000    9.18367    54.2052 
 8700.000000000    9.38776    54.4142 
 8700.000000000    9.59184    54.4687 
 8700.000000000    9.79592    54.2888 
 8700.000000000    10    53.7829 
  
 9000.000000000    0    149.19 
 9000.000000000    0.204082    135.733 
 9000.000000000    0.408163    124.292 
 9000.000000000    0.612245    114.63 
 9000.000000000    0.816327    106.525 
 9000.000000000    1.02041    99.7763 
 9000.000000000    1.22449    94.1967 
 9000.000000000    1.42857    89.6171 
 9000.000000000    1.63265    85.8834 
 9000.000000000    1.83673    82.8564 
 9000.000000000    2.04082    80.411 
 9000.000000000    2.2449    78.4357 
 9000.000000000    2.44898    76.8319 
 9000.000000000    2.65306    75.5131 
 9000.000000000    2.85714    74.4042 
 9000.000000000    3.06122    73.4414 
 9000.000000000    3.26531    72.5707 
 9000.000000000    3.46939    71.7477 
 9000.000000000    3.67347    70.937 
 9000.000000000    3.87755    70.1112 
 9000.000000000    4.08163    69.2508 
 9000.000000000    4.28571    68.3428 
 9000.000000000    4.4898    67.3806 
 9000.000000000    4.69388    66.363 
 9000.000000000    4.89796    65.2939 
 9000.000000000    5.10204    64.1813 
 9000.000000000    5.30612    63.0367 
 9000.000000000    5.5102    61.8746 
 9000.000000000    5.71429    60.7115 
 9000.000000000    5.91837    59.5658 
 9000.000000000    6.12245    58.4565 
 9000.000000000    6.32653    57.403 
 9000.000000000    6.53061    56.4242 
 9000.000000000    6.73469    55.5378 
 9000.000000000    6.93878    54.7599 
 9000.000000000    7.14286    54.104 
 9000.000000000    7.34694    53.5808 
 9000.000000000    7.55102    53.1969 
 9000.000000000    7.7551    52.9547 
 9000.000000000    7.95918    52.8513 
 9000.000000000    8.16327    52.8782 
 9000.000000000    8.36735    53.0205 
 9000.000000000    8.57143    53.2562 
 9000.000000000    8.77551    53.5555 
 9000.000000000    8.97959    53.8801 
 9000.000000000    9.18367    54.1828 
 9000.000000000    9.38776    54.4065 
 9000.000000000    9.59184    54.4839 
 9000.000000000    9.79592    54.3364 
 9000.000000000    10    53.8738 
  
 9300.000000000    0    150.28 
 9300.000000000    0.204082    136.666 
 9300.000000000    0.408163    125.086 
 9300.000000000    0.612245    115.301 
 9300.000000000    0.816327    107.089 
 9300.000000000    1.02041    100.247 
 9300.000000000    1.22449    94.5887 
 9300.000000000    1.42857    89.942 
 9300.000000000    1.63265    86.1523 
 9300.000000000    1.83673    83.0792 
 9300.000000000    2.04082    80.5967 
 9300.000000000    2.2449    78.5923 
 9300.000000000    2.44898    76.9663 
 9300.000000000    2.65306    75.6313 
 9300.000000000    2.85714    74.5117 
 9300.000000000    3.06122    73.5424 
 9300.000000000    3.26531    72.6688 
 9300.000000000    3.46939    71.8458 
 9300.000000000    3.67347    71.0373 
 9300.000000000    3.87755    70.2154 
 9300.000000000    4.08163    69.3597 
 9300.000000000    4.28571    68.4569 
 9300.000000000    4.4898    67.4998 
 9300.000000000    4.69388    66.4869 
 9300.000000000    4.89796    65.4215 
 9300.000000000    5.10204    64.3115 
 9300.000000000    5.30612    63.168 
 9300.000000000    5.5102    62.0053 
 9300.000000000    5.71429    60.8398 
 9300.000000000    5.91837    59.6898 
 9300.000000000    6.12245    58.5743 
 9300.000000000    6.32653    57.5127 
 9300.000000000    6.53061    56.5239 
 9300.000000000    6.73469    55.6259 
 9300.000000000    6.93878    54.8351 
 9300.000000000    7.14286    54.1652 
 9300.000000000    7.34694    53.6271 
 9300.000000000    7.55102    53.2281 
 9300.000000000    7.7551    52.971 
 9300.000000000    7.95918    52.8535 
 9300.000000000    8.16327    52.8677 
 9300.000000000    8.36735    52.9996 
 9300.000000000    8.57143    53.2277 
 9300.000000000    8.77551    53.5233 
 9300.000000000    8.97959    53.849 
 9300.000000000    9.18367    54.1587 
 9300.000000000    9.38776    54.3965 
 9300.000000000    9.59184    54.496 
 9300.000000000    9.79592    54.3801 
 9300.000000000    10    53.96 
  
 9600.000000000    0    151.383 
 9600.000000000    0.204082    137.609 
 9600.000000000    0.408163    125.888 
 9600.000000000    0.612245    115.98 
 9600.000000000    0.816327    107.66 
 9600.000000000    1.02041    100.725 
 9600.000000000    1.22449    94.9861 
 9600.000000000    1.42857    90.2715 
 9600.000000000    1.63265    86.425 
 9600.000000000    1.83673    83.3052 
 9600.000000000    2.04082    80.7849 
 9600.000000000    2.2449    78.7508 
 9600.000000000    2.44898    77.1022 
 9600.000000000    2.65306    75.7508 
 9600.000000000    2.85714    74.6199 
 9600.000000000    3.06122    73.644 
 9600.000000000    3.26531    72.7674 
 9600.000000000    3.46939    71.9443 
 9600.000000000    3.67347    71.1381 
 9600.000000000    3.87755    70.3199 
 9600.000000000    4.08163    69.4691 
 9600.000000000    4.28571    68.5715 
 9600.000000000    4.4898    67.6197 
 9600.000000000    4.69388    66.6116 
 9600.000000000    4.89796    65.5503 
 9600.000000000    5.10204    64.443 
 9600.000000000    5.30612    63.3008 
 9600.000000000    5.5102    62.1378 
 9600.000000000    5.71429    60.9702 
 9600.000000000    5.91837    59.8161 
 9600.000000000    6.12245    58.6945 
 9600.000000000    6.32653    57.6249 
 9600.000000000    6.53061    56.6263 
 9600.000000000    6.73469    55.7168 
 9600.000000000    6.93878    54.913 
 9600.000000000    7.14286    54.229 
 9600.000000000    7.34694    53.676 
 9600.000000000    7.55102    53.2617 
 9600.000000000    7.7551    52.9894 
 9600.000000000    7.95918    52.8575 
 9600.000000000    8.16327    52.8587 
 9600.000000000    8.36735    52.9795 
 9600.000000000    8.57143    53.1996 
 9600.000000000    8.77551    53.4909 
 9600.000000000    8.97959    53.8172 
 9600.000000000    9.18367    54.1331 
 9600.000000000    9.38776    54.3841 
 9600.000000000    9.59184    54.5049 
 9600.000000000    9.79592    54.4199 
 9600.000000000    10    54.0413 
  
 9900.000000000    0    152.496 
 9900.000000000    0.204082    138.563 
 9900.000000000    0.408163    126.701 
 9900.000000000    0.612245    116.667 
 9900.000000000    0.816327    108.239 
 9900.000000000    1.02041    101.209 
 9900.000000000    1.22449    95.3895 
 9900.000000000    1.42857    90.6061 
 9900.000000000    1.63265    86.7019 
 9900.000000000    1.83673    83.5346 
 9900.000000000    2.04082    80.9759 
 9900.000000000    2.2449    78.9115 
 9900.000000000    2.44898    77.2397 
 9900.000000000    2.65306    75.8714 
 9900.000000000    2.85714    74.729 
 9900.000000000    3.06122    73.7461 
 9900.000000000    3.26531    72.8663 
 9900.000000000    3.46939    72.0431 
 9900.000000000    3.67347    71.239 
 9900.000000000    3.87755    70.4247 
 9900.000000000    4.08163    69.5787 
 9900.000000000    4.28571    68.6866 
 9900.000000000    4.4898    67.7403 
 9900.000000000    4.69388    66.7372 
 9900.000000000    4.89796    65.68 
 9900.000000000    5.10204    64.5758 
 9900.000000000    5.30612    63.4352 
 9900.000000000    5.5102    62.2721 
 9900.000000000    5.71429    61.1026 
 9900.000000000    5.91837    59.9446 
 9900.000000000    6.12245    58.8172 
 9900.000000000    6.32653    57.7397 
 9900.000000000    6.53061    56.7314 
 9900.000000000    6.73469    55.8105 
 9900.000000000    6.93878    54.9937 
 9900.000000000    7.14286    54.2954 
 9900.000000000    7.34694    53.7274 
 9900.000000000    7.55102    53.2976 
 9900.000000000    7.7551    53.0098 
 9900.000000000    7.95918    52.8631 
 9900.000000000    8.16327    52.8508 
 9900.000000000    8.36735    52.9602 
 9900.000000000    8.57143    53.1716 
 9900.000000000    8.77551    53.4581 
 9900.000000000    8.97959    53.7841 
 9900.000000000    9.18367    54.1057 
 9900.000000000    9.38776    54.3692 
 9900.000000000    9.59184    54.5108 
 9900.000000000    9.79592    54.4558 
 9900.000000000    10    54.1183 
  
 10200.000000000    0    153.621 
 10200.000000000    0.204082    139.527 
 10200.000000000    0.408163    127.522 
 10200.000000000    0.612245    117.364 
 10200.000000000    0.816327    108.825 
 10200.000000000    1.02041    101.7 
 10200.000000000    1.22449    95.7986 
 10200.000000000    1.42857    90.9456 
 10200.000000000    1.63265    86.983 
 10200.000000000    1.83673    83.7674 
 10200.000000000    2.04082    81.1697 
 10200.000000000    2.2449    79.0743 
 10200.000000000    2.44898    77.3789 
 10200.000000000    2.65306    75.9933 
 10200.000000000    2.85714    74.839 
 10200.000000000    3.06122    73.8488 
 10200.000000000    3.26531    72.9657 
 10200.000000000    3.46939    72.1422 
 10200.000000000    3.67347    71.3401 
 10200.000000000    3.87755    70.5297 
 10200.000000000    4.08163    69.6887 
 10200.000000000    4.28571    68.8021 
 10200.000000000    4.4898    67.8613 
 10200.000000000    4.69388    66.8635 
 10200.000000000    4.89796    65.8107 
 10200.000000000    5.10204    64.7098 
 10200.000000000    5.30612    63.571 
 10200.000000000    5.5102    62.408 
 10200.000000000    5.71429    61.2368 
 10200.000000000    5.91837    60.0752 
 10200.000000000    6.12245    58.9421 
 10200.000000000    6.32653    57.8569 
 10200.000000000    6.53061    56.839 
 10200.000000000    6.73469    55.9067 
 10200.000000000    6.93878    55.077 
 10200.000000000    7.14286    54.3645 
 10200.000000000    7.34694    53.7813 
 10200.000000000    7.55102    53.3358 
 10200.000000000    7.7551    53.0324 
 10200.000000000    7.95918    52.8705 
 10200.000000000    8.16327    52.8444 
 10200.000000000    8.36735    52.9418 
 10200.000000000    8.57143    53.1442 
 10200.000000000    8.77551    53.4251 
 10200.000000000    8.97959    53.7504 
 10200.000000000    9.18367    54.0768 
 10200.000000000    9.38776    54.352 
 10200.000000000    9.59184    54.5135 
 10200.000000000    9.79592    54.4878 
 10200.000000000    10    54.1904 
  
 10500.000000000    0    154.757 
 10500.000000000    0.204082    140.502 
 10500.000000000    0.408163    128.354 
 10500.000000000    0.612245    118.068 
 10500.000000000    0.816327    109.419 
 10500.000000000    1.02041    102.198 
 10500.000000000    1.22449    96.2135 
 10500.000000000    1.42857    91.29 
 10500.000000000    1.63265    87.2682 
 10500.000000000    1.83673    84.0037 
 10500.000000000    2.04082    81.3662 
 10500.000000000    2.2449    79.2393 
 10500.000000000    2.44898    77.5197 
 10500.000000000    2.65306    76.1163 
 10500.000000000    2.85714    74.9499 
 10500.000000000    3.06122    73.9522 
 10500.000000000    3.26531    73.0654 
 10500.000000000    3.46939    72.2414 
 10500.000000000    3.67347    71.4414 
 10500.000000000    3.87755    70.6348 
 10500.000000000    4.08163    69.7988 
 10500.000000000    4.28571    68.9179 
 10500.000000000    4.4898    67.9829 
 10500.000000000    4.69388    66.9904 
 10500.000000000    4.89796    65.9423 
 10500.000000000    5.10204    64.8448 
 10500.000000000    5.30612    63.7081 
 10500.000000000    5.5102    62.5455 
 10500.000000000    5.71429    61.3728 
 10500.000000000    5.91837    60.2078 
 10500.000000000    6.12245    59.0692 
 10500.000000000    6.32653    57.9766 
 10500.000000000    6.53061    56.9492 
 10500.000000000    6.73469    56.0056 
 10500.000000000    6.93878    55.1629 
 10500.000000000    7.14286    54.4362 
 10500.000000000    7.34694    53.8377 
 10500.000000000    7.55102    53.3764 
 10500.000000000    7.7551    53.0571 
 10500.000000000    7.95918    52.8798 
 10500.000000000    8.16327    52.8394 
 10500.000000000    8.36735    52.9245 
 10500.000000000    8.57143    53.1171 
 10500.000000000    8.77551    53.392 
 10500.000000000    8.97959    53.7157 
 10500.000000000    9.18367    54.0464 
 10500.000000000    9.38776    54.3326 
 10500.000000000    9.59184    54.513 
 10500.000000000    9.79592    54.5158 
 10500.000000000    10    54.2577 
  
 10800.000000000    0    155.904 
 10800.000000000    0.204082    141.487 
 10800.000000000    0.408163    129.195 
 10800.000000000    0.612245    118.782 
 10800.000000000    0.816327    110.021 
 10800.000000000    1.02041    102.703 
 10800.000000000    1.22449    96.6345 
 10800.000000000    1.42857    91.6396 
 10800.000000000    1.63265    87.5578 
 10800.000000000    1.83673    84.2436 
 10800.000000000    2.04082    81.5656 
 10800.000000000    2.2449    79.4067 
 10800.000000000    2.44898    77.6623 
 10800.000000000    2.65306    76.2407 
 10800.000000000    2.85714    75.0616 
 10800.000000000    3.06122    74.056 
 10800.000000000    3.26531    73.1654 
 10800.000000000    3.46939    72.3409 
 10800.000000000    3.67347    71.5428 
 10800.000000000    3.87755    70.74 
 10800.000000000    4.08163    69.9091 
 10800.000000000    4.28571    69.0339 
 10800.000000000    4.4898    68.1048 
 10800.000000000    4.69388    67.1179 
 10800.000000000    4.89796    66.0746 
 10800.000000000    5.10204    64.9808 
 10800.000000000    5.30612    63.8465 
 10800.000000000    5.5102    62.6845 
 10800.000000000    5.71429    61.5107 
 10800.000000000    5.91837    60.3424 
 10800.000000000    6.12245    59.1986 
 10800.000000000    6.32653    58.0986 
 10800.000000000    6.53061    57.0619 
 10800.000000000    6.73469    56.107 
 10800.000000000    6.93878    55.2515 
 10800.000000000    7.14286    54.5104 
 10800.000000000    7.34694    53.8966 
 10800.000000000    7.55102    53.4193 
 10800.000000000    7.7551    53.0838 
 10800.000000000    7.95918    52.8908 
 10800.000000000    8.16327    52.8357 
 10800.000000000    8.36735    52.9079 
 10800.000000000    8.57143    53.0904 
 10800.000000000    8.77551    53.3586 
 10800.000000000    8.97959    53.6802 
 10800.000000000    9.18367    54.0143 
 10800.000000000    9.38776    54.3108 
 10800.000000000    9.59184    54.5095 
 10800.000000000    9.79592    54.54 
 10800.000000000    10    54.3205 
  
 11100.000000000    0    157.062 
 11100.000000000    0.204082    142.482 
 11100.000000000    0.408163    130.045 
 11100.000000000    0.612245    119.504 
 11100.000000000    0.816327    110.631 
 11100.000000000    1.02041    103.214 
 11100.000000000    1.22449    97.0614 
 11100.000000000    1.42857    91.9944 
 11100.000000000    1.63265    87.8518 
 11100.000000000    1.83673    84.487 
 11100.000000000    2.04082    81.7679 
 11100.000000000    2.2449    79.5762 
 11100.000000000    2.44898    77.8066 
 11100.000000000    2.65306    76.3662 
 11100.000000000    2.85714    75.1741 
 11100.000000000    3.06122    74.1604 
 11100.000000000    3.26531    73.2657 
 11100.000000000    3.46939    72.4404 
 11100.000000000    3.67347    71.6442 
 11100.000000000    3.87755    70.8452 
 11100.000000000    4.08163    70.0194 
 11100.000000000    4.28571    69.15 
 11100.000000000    4.4898    68.227 
 11100.000000000    4.69388    67.2458 
 11100.000000000    4.89796    66.2076 
 11100.000000000    5.10204    65.1179 
 11100.000000000    5.30612    63.9861 
 11100.000000000    5.5102    62.8251 
 11100.000000000    5.71429    61.6502 
 11100.000000000    5.91837    60.479 
 11100.000000000    6.12245    59.3301 
 11100.000000000    6.32653    58.223 
 11100.000000000    6.53061    57.177 
 11100.000000000    6.73469    56.2111 
 11100.000000000    6.93878    55.3427 
 11100.000000000    7.14286    54.5873 
 11100.000000000    7.34694    53.958 
 11100.000000000    7.55102    53.4645 
 11100.000000000    7.7551    53.1126 
 11100.000000000    7.95918    52.9035 
 11100.000000000    8.16327    52.8334 
 11100.000000000    8.36735    52.8923 
 11100.000000000    8.57143    53.064 
 11100.000000000    8.77551    53.325 
 11100.000000000    8.97959    53.6438 
 11100.000000000    9.18367    53.9807 
 11100.000000000    9.38776    54.2866 
 11100.000000000    9.59184    54.503 
 11100.000000000    9.79592    54.5604 
 11100.000000000    10    54.3787 
  
 11400.000000000    0    158.231 
 11400.000000000    0.204082    143.487 
 11400.000000000    0.408163    130.905 
 11400.000000000    0.612245    120.235 
 11400.000000000    0.816327    111.248 
 11400.000000000    1.02041    103.733 
 11400.000000000    1.22449    97.4945 
 11400.000000000    1.42857    92.3545 
 11400.000000000    1.63265    88.1502 
 11400.000000000    1.83673    84.7342 
 11400.000000000    2.04082    81.9733 
 11400.000000000    2.2449    79.7482 
 11400.000000000    2.44898    77.9527 
 11400.000000000    2.65306    76.4932 
 11400.000000000    2.85714    75.2876 
 11400.000000000    3.06122    74.2654 
 11400.000000000    3.26531    73.3664 
 11400.000000000    3.46939    72.5401 
 11400.000000000    3.67347    71.7456 
 11400.000000000    3.87755    70.9503 
 11400.000000000    4.08163    70.1297 
 11400.000000000    4.28571    69.2662 
 11400.000000000    4.4898    68.3493 
 11400.000000000    4.69388    67.3741 
 11400.000000000    4.89796    66.3411 
 11400.000000000    5.10204    65.2555 
 11400.000000000    5.30612    64.1266 
 11400.000000000    5.5102    62.9667 
 11400.000000000    5.71429    61.7912 
 11400.000000000    5.91837    60.6172 
 11400.000000000    6.12245    59.4635 
 11400.000000000    6.32653    58.3494 
 11400.000000000    6.53061    57.2945 
 11400.000000000    6.73469    56.3175 
 11400.000000000    6.93878    55.4363 
 11400.000000000    7.14286    54.6667 
 11400.000000000    7.34694    54.0219 
 11400.000000000    7.55102    53.5121 
 11400.000000000    7.7551    53.1436 
 11400.000000000    7.95918    52.9183 
 11400.000000000    8.16327    52.8328 
 11400.000000000    8.36735    52.878 
 11400.000000000    8.57143    53.0384 
 11400.000000000    8.77551    53.2915 
 11400.000000000    8.97959    53.6069 
 11400.000000000    9.18367    53.9457 
 11400.000000000    9.38776    54.2604 
 11400.000000000    9.59184    54.4933 
 11400.000000000    9.79592    54.5766 
 11400.000000000    10    54.4316 
  
 11700.000000000    0    159.41 
 11700.000000000    0.204082    144.503 
 11700.000000000    0.408163    131.774 
 11700.000000000    0.612245    120.974 
 11700.000000000    0.816327    111.873 
 11700.000000000    1.02041    104.258 
 11700.000000000    1.22449    97.9338 
 11700.000000000    1.42857    92.7199 
 11700.000000000    1.63265    88.4532 
 11700.000000000    1.83673    84.9852 
 11700.000000000    2.04082    82.1817 
 11700.000000000    2.2449    79.9226 
 11700.000000000    2.44898    78.1007 
 11700.000000000    2.65306    76.6214 
 11700.000000000    2.85714    75.402 
 11700.000000000    3.06122    74.3709 
 11700.000000000    3.26531    73.4672 
 11700.000000000    3.46939    72.6399 
 11700.000000000    3.67347    71.847 
 11700.000000000    3.87755    71.0554 
 11700.000000000    4.08163    70.2399 
 11700.000000000    4.28571    69.3824 
 11700.000000000    4.4898    68.4718 
 11700.000000000    4.69388    67.5027 
 11700.000000000    4.89796    66.4752 
 11700.000000000    5.10204    65.3941 
 11700.000000000    5.30612    64.2682 
 11700.000000000    5.5102    63.1098 
 11700.000000000    5.71429    61.9338 
 11700.000000000    5.91837    60.7574 
 11700.000000000    6.12245    59.599 
 11700.000000000    6.32653    58.4782 
 11700.000000000    6.53061    57.4144 
 11700.000000000    6.73469    56.4265 
 11700.000000000    6.93878    55.5326 
 11700.000000000    7.14286    54.7486 
 11700.000000000    7.34694    54.0882 
 11700.000000000    7.55102    53.562 
 11700.000000000    7.7551    53.1766 
 11700.000000000    7.95918    52.9347 
 11700.000000000    8.16327    52.8334 
 11700.000000000    8.36735    52.8644 
 11700.000000000    8.57143    53.013 
 11700.000000000    8.77551    53.2577 
 11700.000000000    8.97959    53.5689 
 11700.000000000    9.18367    53.9091 
 11700.000000000    9.38776    54.2317 
 11700.000000000    9.59184    54.4806 
 11700.000000000    9.79592    54.5892 
 11700.000000000    10    54.4804 
  
 12000.000000000    0    160.601 
 12000.000000000    0.204082    145.529 
 12000.000000000    0.408163    132.652 
 12000.000000000    0.612245    121.722 
 12000.000000000    0.816327    112.506 
 12000.000000000    1.02041    104.791 
 12000.000000000    1.22449    98.3793 
 12000.000000000    1.42857    93.0907 
 12000.000000000    1.63265    88.7608 
 12000.000000000    1.83673    85.24 
 12000.000000000    2.04082    82.3933 
 12000.000000000    2.2449    80.0995 
 12000.000000000    2.44898    78.2505 
 12000.000000000    2.65306    76.751 
 12000.000000000    2.85714    75.5173 
 12000.000000000    3.06122    74.477 
 12000.000000000    3.26531    73.5684 
 12000.000000000    3.46939    72.7397 
 12000.000000000    3.67347    71.9483 
 12000.000000000    3.87755    71.1604 
 12000.000000000    4.08163    70.35 
 12000.000000000    4.28571    69.4986 
 12000.000000000    4.4898    68.5944 
 12000.000000000    4.69388    67.6315 
 12000.000000000    4.89796    66.6097 
 12000.000000000    5.10204    65.5332 
 12000.000000000    5.30612    64.4107 
 12000.000000000    5.5102    63.2539 
 12000.000000000    5.71429    62.0777 
 12000.000000000    5.91837    60.8991 
 12000.000000000    6.12245    59.7364 
 12000.000000000    6.32653    58.609 
 12000.000000000    6.53061    57.5365 
 12000.000000000    6.73469    56.5379 
 12000.000000000    6.93878    55.6313 
 12000.000000000    7.14286    54.833 
 12000.000000000    7.34694    54.157 
 12000.000000000    7.55102    53.6142 
 12000.000000000    7.7551    53.2119 
 12000.000000000    7.95918    52.9531 
 12000.000000000    8.16327    52.8356 
 12000.000000000    8.36735    52.852 
 12000.000000000    8.57143    52.9884 
 12000.000000000    8.77551    53.224 
 12000.000000000    8.97959    53.5304 
 12000.000000000    9.18367    53.8712 
 12000.000000000    9.38776    54.2009 
 12000.000000000    9.59184    54.4648 
 12000.000000000    9.79592    54.5977 
 12000.000000000    10    54.524 
  
